500

-2.14393 -1.2951 2.5406 
-2.55732 -1.12034 2.7575 
-2.63648 -1.35115 2.159 
-3.82375 -0.821974 1.6509 
-3.54771 -0.450094 2.1149 
-3.86117 -0.444074 1.49 
-3.09577 -1.18768 2.2491 
-3.53181 -1.19528 1.7051 
-3.09881 -1.38256 1.6719 
-2.97461 -0.856614 2.7343 
-2.44674 -0.783074 3.1106 
-4.08508 -0.786084 1.0173 
-3.52132 -0.083864 1.8332 
-2.66574 0.304606 2.49 
-3.15 -0.062234 2.4078 
-2.65011 0.030536 2.9227 
-3.1251 -0.430314 2.6633 
-3.425 -0.855454 2.2574 
-1.28399 -0.180894 3.7562 
-2.01337 -0.428744 3.4855 
-1.58712 -0.584934 3.5992 
-4.04297 -0.364854 0.835896 
-3.08951 0.229006 1.9825 
-3.89031 -1.15843 1.1046 
-2.1457 0.432206 2.8387 
-2.63008 -0.422604 3.088 
-1.96264 -1.12646 3.0265 
-2.03633 -0.890544 3.2913 
-1.67522 -1.33696 2.4541 
-2.09688 -1.40197 2.0063 
-1.40993 -0.961854 3.4543 
-3.73401 -0.074834 1.2717 
-3.7565 0.066606 0.776996 
-2.05103 0.619206 2.4803 
-2.96386 -1.45858 1.1042 
-2.54855 -1.42436 1.5891 
-2.72218 -1.44559 0.558096 
-3.28754 -1.49365 0.579396 
-4.04955 -0.204584 0.297226 
-4.22555 -0.669494 0.371026 
-3.47446 -1.39411 1.1275 
-4.12813 -1.08637 0.486896 
-1.63185 -0.014764 3.5926 
-2.16058 -0.044274 3.332 
-3.33802 0.263706 1.3869 
-2.53005 0.495106 2.1338 
-2.36718 -1.40003 1.0228 
-3.92678 -0.052834 -0.307064 
-4.1851 -0.475784 -0.280294 
-3.77788 -1.38744 0.533296 
-2.12661 0.680406 1.9855 
-1.42808 0.758706 2.7986 
-1.45016 0.338706 3.47 
-1.63061 0.521006 3.1152 
-2.03605 0.250906 3.1818 
-3.52649 -1.49498 -0.025274 
-1.9607 -1.39287 1.4923 
-2.50043 -1.38973 0.049896 
-2.17137 -1.32987 0.457096 
-3.96736 -1.32836 -0.088464 
-4.22385 -0.936654 -0.173444 
-1.48005 -1.3673 2.0125 
-1.17728 -1.30615 2.6689 
-2.74357 0.480606 1.6939 
-2.32103 0.633806 1.4826 
-2.85619 0.495806 1.1936 
-1.04604 0.694406 3.1918 
-1.5212 0.796606 2.3291 
-0.204659 0.658506 3.6278 
-0.768859 0.565106 3.5068 
-0.916819 0.269506 3.7525 
-0.360759 0.853606 3.2537 
-3.63821 -1.45876 -0.615664 
-4.02365 -1.18884 -0.711754 
-1.76189 -1.29973 0.946196 
-1.41051 -1.30551 1.426 
-0.861149 -1.30677 2.2941 
-1.00807 -1.30591 1.8041 
-1.09713 -1.2206 1.0325 
-1.66754 -1.22909 0.297986 
-2.0101 -1.29295 -0.216314 
-3.00343 -1.49181 0.041216 
-3.02225 0.471206 -0.260454 
-2.68523 0.550306 -0.706694 
-3.2232 0.382406 -0.773184 
-2.52119 0.573706 -0.265734 
-3.5119 0.271306 -0.265254 
-3.67266 0.131006 -0.855224 
-3.56301 -1.07849 -1.80782 
-3.65664 -1.32727 -1.20583 
-3.92801 -0.950514 -1.34582 
-0.400659 -1.24141 1.9035 
-0.283959 -1.21672 2.425 
-0.686599 0.914906 2.9179 
-0.231759 1.06271 2.5469 
-0.925189 0.930706 2.5073 
-2.57529 0.574706 0.181276 
-2.107 0.624406 -0.558624 
-2.03833 0.620406 -0.058894 
-2.23067 0.634006 -1.03352 
-1.56264 0.657506 -0.367044 
-1.41923 0.659306 0.105926 
-0.959359 0.694006 -0.198754 
-2.33659 0.629806 1.0221 
-1.79623 0.715706 1.215 
-1.75672 0.682006 0.807596 
-2.29771 0.619406 0.586196 
-1.91069 0.640406 0.362426 
-2.83646 0.532306 0.656296 
-3.33808 0.342506 0.779696 
-3.66993 0.168106 0.252466 
-0.719569 -1.13703 0.634596 
-1.05086 -1.13432 0.211156 
-0.427759 -1.08172 0.236916 
-1.30239 -1.20062 0.643196 
-1.40706 -1.17622 -0.210924 
0.013941 -0.720894 -3.50961 
0.728641 -0.572354 -3.50197 
0.288041 -0.826834 -3.20686 
0.566441 -0.961874 -1.87842 
0.768841 -0.904814 -2.37124 
1.17704 -0.857644 -2.03486 
0.574041 -0.871424 -2.85094 
1.19144 -0.736104 -2.76027 
-3.18543 0.424706 0.220286 
-4.00379 -0.252654 -0.874304 
-3.09412 -1.12399 -2.22501 
-3.29537 -0.809574 -2.37146 
-2.77788 -0.951204 -2.76203 
-4.14055 -0.733584 -0.846874 
-0.993219 -0.522244 3.7807 
0.009941 1.06171 2.9213 
0.403441 1.16581 2.5154 
0.167541 1.10241 2.1055 
-0.985279 0.894306 2.0085 
-0.459359 1.01641 2.226 
-3.68325 -0.062744 -1.42164 
-3.9231 -0.495494 -1.43201 
-1.67087 0.685006 -0.876284 
-2.79465 0.507006 -1.18108 
-2.34054 0.614206 -1.49679 
-2.30083 0.579706 -1.99556 
-2.84183 0.421906 -1.71921 
-2.14009 0.548706 -2.46516 
-2.72769 0.347506 -2.2568 
-1.69953 0.733406 -2.23954 
-1.52428 0.747106 -2.67979 
-0.594659 -0.048564 3.9113 
0.218941 -0.982404 -2.52304 
1.54464 -0.527864 -2.98459 
0.955141 -0.677624 -3.1635 
1.41834 -0.368324 -3.37236 
1.92834 -0.505854 -2.70069 
1.45134 -0.739234 -2.43174 
2.04864 -0.227544 -3.08192 
-3.10704 -1.51041 -0.552684 
-3.15854 -1.34978 -1.70609 
-3.68467 -0.679584 -1.93645 
-3.54992 -0.243094 -2.0005 
-3.25456 0.137506 -1.89067 
-1.56114 -1.23049 2.9694 
1.73184 -0.727054 -2.03989 
-0.786199 -1.09582 -0.176074 
-0.452859 -1.15841 1.0136 
-0.112359 -1.08787 0.573196 
0.225241 -1.13729 1.7495 
0.830641 -1.0407 1.5208 
0.781841 -1.04365 1.9337 
0.174741 -1.14978 2.1319 
1.98794 -0.788144 -0.140574 
1.63684 -0.848154 -0.458954 
2.26844 -0.709414 -0.535614 
0.253041 -1.10969 2.5066 
-0.553259 -1.22172 2.8222 
0.140141 -1.08462 2.9348 
-0.200059 -1.0535 3.209 
0.293941 0.980106 3.3221 
0.653841 1.17101 2.9536 
0.956941 1.08311 3.28 
-1.53113 0.802406 1.9419 
-0.771749 0.856406 1.5524 
-1.31178 0.798806 1.5466 
0.252541 0.849906 0.570996 
-0.279059 0.747106 0.458496 
-0.069359 0.820406 0.927096 
0.626741 0.939306 0.855396 
-1.20043 0.745406 1.0817 
-0.755329 0.847706 -1.37913 
-1.31691 0.801306 -1.5683 
-1.21444 0.759306 -1.13054 
-0.385059 0.723606 0.010976 
-0.483759 0.750706 -0.474934 
0.848541 1.22461 2.0761 
0.712741 1.14091 1.6518 
0.176841 1.02751 1.6812 
-0.357559 0.968406 1.8373 
1.87254 1.38211 1.8772 
2.03724 1.39531 1.3429 
1.37784 1.27231 1.6354 
2.47754 1.43431 0.434786 
1.91924 1.29191 0.708896 
2.42164 1.45471 0.904796 
1.55424 1.24091 1.1165 
1.61494 1.17341 0.307636 
1.24374 1.07141 0.684396 
-0.203359 0.903606 1.3867 
0.371741 0.972006 1.2502 
-2.46826 -0.464164 -3.25423 
-1.90889 -0.349964 -3.59266 
-2.20122 -0.828584 -3.21749 
-2.6979 -0.063044 -3.00224 
-2.06434 0.056406 -3.46892 
-3.2512 -0.368214 -2.48876 
-2.92419 -0.517674 -2.83178 
-3.28512 0.273906 -1.32817 
-0.430259 -0.984474 -3.12433 
-0.124659 -1.00326 -2.83632 
-0.661849 0.763206 -3.53581 
-0.839749 0.521606 -3.77508 
-1.40257 0.509406 -3.54647 
-1.42959 0.105206 -3.78174 
-1.22366 -0.271774 -3.85248 
-1.48492 0.665606 -3.1513 
-0.845689 0.842506 -3.25257 
-1.00247 0.877506 -2.88029 
-2.50513 0.283706 -2.75697 
-0.132059 1.00131 -3.23579 
3.36714 0.017976 -1.81606 
2.98474 -0.097804 -2.29048 
3.34824 0.265006 -2.22723 
2.89764 -0.330874 -1.82744 
-1.79067 0.713506 -1.31347 
-1.09413 0.717706 -0.654994 
-1.0781 0.891706 -2.42045 
-0.546859 1.00021 -2.57135 
-0.703919 -0.773084 3.6888 
0.046441 -0.556934 3.7843 
-0.311359 -0.327694 3.9056 
2.02984 -0.587094 -2.28577 
-3.1755 -1.46797 -1.14362 
-3.04676 0.034546 -2.44362 
0.762741 -1.0125 2.3731 
1.27524 -0.915394 2.2043 
0.902341 -0.944574 -1.14403 
1.08154 -0.900484 -1.5866 
1.52744 -0.844614 -1.27382 
2.13394 -0.699834 -1.35312 
1.88994 -0.783134 -0.895424 
0.353641 -1.10606 1.3429 
0.201841 -1.01767 0.189156 
-0.360359 -0.889074 3.5349 
0.260041 -0.803284 3.487 
0.640841 -0.980814 2.7631 
0.911641 -0.828054 3.0407 
0.541141 -0.869594 3.2558 
-0.920159 -1.12464 3.252 
0.943541 1.25031 2.523 
2.12854 -0.497124 2.6529 
2.30024 -0.574664 2.2191 
2.67954 -0.253214 2.4704 
-1.84107 0.723306 1.6461 
0.186241 0.812206 0.140706 
0.743841 0.927906 0.369276 
-1.304 0.689606 0.573696 
-0.635559 0.800206 1.1272 
-0.871339 0.908506 -1.82491 
-0.338759 0.966206 -1.6779 
0.992941 1.10351 1.1961 
2.48954 0.835106 -3.16852 
3.07644 0.948906 -2.63075 
2.89364 0.571106 -2.93417 
3.44604 0.698506 -2.34571 
3.02984 0.258606 -2.68406 
1.50464 1.08111 -3.30179 
1.76244 0.858206 -3.46172 
1.02004 0.816806 -3.71712 
0.477941 0.873206 -3.68432 
0.343741 0.558806 -3.90058 
-0.763159 0.136706 -3.96694 
-2.07299 0.334706 -3.20207 
-0.228059 0.551806 -3.88109 
-0.113859 0.838606 -3.63262 
-1.94028 0.529306 -2.87056 
-1.8133 0.726006 -1.79118 
-0.612259 0.793806 -0.936894 
-0.179759 0.895606 -1.22322 
-0.347959 1.01911 -2.8973 
-0.577459 1.00111 -2.16276 
-1.26749 0.847406 -2.04293 
0.769941 0.229206 3.8363 
0.290641 -0.136404 3.8742 
0.764641 -0.181114 3.7865 
1.23444 -0.629994 3.2259 
0.988841 -0.551814 3.4776 
2.49194 -0.394084 -2.29893 
2.30684 -0.595294 -1.81834 
-0.992569 -1.12387 -0.610844 
-1.57392 -1.21595 -0.711444 
-0.354459 -1.05801 -0.495984 
-2.65828 -1.41713 -1.64929 
-1.63054 -1.29541 -1.86847 
-2.15114 -1.36628 -1.50532 
-2.14833 -1.32593 -2.17848 
-2.62956 -1.43862 -1.05281 
2.83254 -0.493464 1.4428 
2.80834 -0.374994 1.9726 
2.36224 -0.658334 1.7346 
1.23064 -0.844674 2.6785 
1.27984 -0.896984 -0.835184 
0.675741 -0.955924 -0.695564 
1.05944 -0.933104 -0.369634 
1.68154 -0.782554 -1.67795 
-0.736519 -1.24703 1.4234 
-0.163959 -1.03902 -0.132964 
0.576841 -1.0239 0.578496 
0.152141 -1.0998 0.946196 
1.43164 1.32691 2.2069 
1.25494 0.151606 3.714 
1.39264 0.580206 3.6268 
1.82644 0.404306 3.5189 
1.63444 -0.617364 2.9422 
1.73804 -0.756064 2.4354 
1.31424 1.28771 2.78 
1.66684 1.19791 3.0299 
0.475541 0.734206 3.6816 
0.851241 0.607406 3.7121 
1.30354 0.921306 3.447 
2.22504 1.17571 2.8452 
1.99094 0.889406 3.3019 
2.70614 1.02691 2.8036 
2.58184 0.234906 2.9993 
2.42964 0.627306 3.1725 
2.08924 0.092906 3.3371 
0.059541 0.809706 -0.311584 
-0.730489 0.730806 0.734796 
-0.837619 0.695306 0.283396 
2.05184 1.29831 0.066136 
2.29034 0.381006 -3.34832 
2.52234 0.143006 -3.08693 
1.94434 0.534006 -3.50588 
1.32164 0.496906 -3.76626 
0.643941 0.357306 -3.94471 
0.333941 1.16761 -2.84807 
0.053641 1.12291 -2.44158 
1.04454 1.12881 -3.29777 
1.67194 1.29211 -2.83576 
1.00394 1.26361 -2.85987 
0.479541 1.08611 -3.27673 
3.11404 -0.382604 -0.930404 
2.73964 -0.508704 -1.40215 
3.29094 -0.199454 -1.36257 
3.81844 0.036916 -0.292334 
3.50744 -0.195284 0.108416 
3.36654 -0.280934 -0.452624 
3.61604 -0.063804 -0.868164 
0.181941 0.250406 3.9055 
-0.215759 0.355906 3.8424 
0.668341 -0.484874 3.6608 
1.40064 -0.174024 3.5975 
1.73624 -0.330294 3.2994 
2.54364 -0.179114 -2.73561 
-0.542059 -1.08494 -0.932734 
0.341441 -0.982094 -0.316984 
0.440041 -0.998044 -1.46387 
-1.09377 -1.17071 -1.12009 
-0.895229 -0.556384 -3.76185 
-0.643559 -0.829614 -3.46871 
-1.2172 -0.839184 -3.42162 
-0.218059 -0.489374 -3.80652 
-2.28538 -1.15936 -2.72513 
-2.70956 -1.28074 -2.22451 
-1.75149 -1.00114 -3.13824 
-1.59216 -0.658304 -3.55404 
-2.58826 -1.43675 -0.474874 
-2.09716 -1.34025 -0.863994 
0.767641 -1.03862 1.0488 
1.30854 -0.967644 1.2774 
1.88274 -0.848684 1.4945 
1.82794 -0.867034 1.0177 
1.36414 -0.949124 1.7578 
1.83234 -0.803304 1.9916 
2.67424 -0.622824 0.391136 
2.10214 -0.780244 0.270976 
2.53554 -0.659604 -0.082264 
1.44924 -0.890044 0.039516 
0.785441 -0.965424 0.039136 
1.68854 -0.870954 0.546196 
1.13134 -0.948084 0.398946 
2.52714 -0.614204 -0.945414 
2.83784 -0.528204 -0.495564 
-0.175859 -1.17754 1.4186 
0.030141 -1.02532 -0.732464 
0.639041 0.907006 -0.173444 
0.409141 0.968806 -1.14621 
0.211041 1.02751 -1.57938 
1.95314 1.36711 2.4547 
2.37824 1.45531 1.8445 
2.69714 1.50151 1.323 
2.44704 1.39681 -0.113854 
1.62124 1.16521 -0.259554 
2.13304 1.31831 -0.575044 
1.14354 1.02601 0.066126 
1.56294 1.19001 -0.810124 
1.94494 1.33901 -1.19141 
1.36484 1.21901 -1.35928 
1.70344 1.34501 -1.78173 
2.65534 1.42581 -2.07028 
2.01634 1.41401 -2.21199 
2.30394 1.44261 -1.64876 
1.60514 0.186106 -3.65912 
0.922241 0.047476 -3.87824 
0.231941 -0.095884 -3.97655 
3.28714 1.49091 1.235 
2.93184 1.44701 1.7938 
3.73204 0.187906 -1.31973 
-0.107759 -1.05805 -1.23157 
-1.63696 -1.2742 -1.2694 
-0.821239 -1.13047 -2.68153 
-1.15815 -1.07227 -3.03952 
-0.507559 -0.220114 -3.97084 
2.38734 -0.695494 1.2077 
2.29644 -0.743554 0.741996 
1.22894 -0.958444 0.811796 
3.86784 0.122106 0.346746 
3.46874 -0.190594 0.697996 
2.96804 0.646406 2.7332 
2.31824 -0.226994 2.9506 
3.19684 -0.183384 1.6611 
3.57684 0.144706 1.4995 
3.23234 0.051706 2.1149 
2.93114 0.143506 2.624 
0.804641 1.12131 -1.50191 
0.530241 1.15521 -1.99466 
-0.013059 1.06741 -2.01303 
2.65464 1.18411 -2.68051 
2.11364 1.12141 -3.07062 
3.51024 1.08921 -2.01079 
3.06834 1.25181 -2.22936 
2.24914 1.31221 -2.59307 
1.10494 1.25501 -1.90785 
0.752941 1.24621 -2.42653 
2.52874 1.35251 2.3307 
2.99564 1.23671 2.26 
2.48724 1.43691 -1.04918 
1.10854 1.02921 -0.500484 
0.550941 0.926506 -0.651724 
1.42364 1.33741 -2.34333 
3.01434 1.50851 -0.892014 
3.41724 1.48031 -1.07079 
2.86844 1.48741 -1.43443 
3.25304 1.39421 -1.69358 
1.87864 -0.009994 -3.43745 
-0.101059 0.185806 -4.00798 
0.495541 -0.380754 -3.77846 
3.29734 0.979906 2.2815 
3.75944 0.923206 1.7074 
3.42554 1.29201 1.7499 
2.93224 1.52111 0.098186 
2.99384 1.55211 0.718696 
3.79654 1.26961 1.179 
4.06124 0.948106 0.957796 
4.01314 1.27361 0.476596 
4.20724 0.885506 0.224376 
4.10074 1.18221 -0.238214 
3.59424 1.49321 0.682696 
3.82814 0.886106 -1.663 
3.70054 0.473606 -1.80337 
4.01324 0.332406 -0.723214 
0.372641 -1.00794 -1.03635 
-1.1351 -1.21946 -1.63504 
-1.76328 -1.19699 -2.67895 
-1.45242 -1.24451 -2.4339 
-1.02572 -1.20837 -2.15655 
3.80014 0.181506 0.958096 
3.32794 -0.212814 1.1734 
4.08704 0.536406 0.624496 
3.61464 0.458406 1.8075 
3.91144 0.552606 1.2802 
0.962641 1.06011 -0.985534 
-0.019559 0.850306 -0.771854 
1.18814 -0.197534 -3.67792 
3.38024 0.552906 2.2561 
2.74034 1.46731 -0.486764 
3.80694 1.40261 -0.673144 
4.04834 1.04161 -0.934924 
3.78294 1.45601 -0.006234 
3.36614 1.54681 0.229086 
4.01284 0.625006 -1.18782 
-0.612959 -1.13023 -1.43461 
-0.389559 -1.09546 -2.37598 
0.104841 -1.03121 -2.12311 
3.05694 -0.458614 -0.045094 
2.91474 -0.510524 0.930496 
4.18094 0.748706 -0.471614 
4.12564 0.432706 -0.049424 
3.70054 1.26711 -1.35936 
-0.059659 -1.06181 -1.68901 
3.14574 -0.413984 0.443116 
3.35354 1.54841 -0.400284 
-0.561259 -1.1377 -1.91915 

996

3 0 1 2 
3 3 4 5 
3 6 7 8 
3 9 1 10 
3 3 5 11 
3 5 4 12 
3 13 14 15 
3 9 16 17 
3 4 17 16 
3 18 19 20 
3 6 8 2 
3 6 2 1 
3 11 5 21 
3 14 12 4 
3 12 14 22 
3 23 7 3 
3 3 11 23 
3 13 15 24 
3 10 25 9 
3 26 27 1 
3 19 10 27 
3 0 26 1 
3 28 0 29 
3 20 27 30 
3 27 20 19 
3 31 32 21 
3 31 21 5 
3 5 12 31 
3 24 33 13 
3 8 34 35 
3 35 2 8 
3 29 2 35 
3 36 34 37 
3 21 38 39 
3 7 23 40 
3 37 34 40 
3 40 8 7 
3 40 34 8 
3 41 23 11 
3 16 15 14 
3 16 9 25 
3 25 10 19 
3 18 42 19 
3 25 43 15 
3 15 16 25 
3 12 44 31 
3 38 21 32 
3 45 13 33 
3 46 35 34 
3 34 36 46 
3 47 48 38 
3 37 40 49 
3 49 40 23 
3 23 41 49 
3 2 29 0 
3 32 31 44 
3 45 22 13 
3 14 13 22 
3 45 33 50 
3 33 24 51 
3 52 53 54 
3 54 24 15 
3 37 49 55 
3 29 35 56 
3 35 46 56 
3 36 57 58 
3 58 46 36 
3 59 41 60 
3 41 11 39 
3 21 39 11 
3 48 39 38 
3 28 61 62 
3 63 22 45 
3 45 50 63 
3 64 65 63 
3 63 50 64 
3 53 66 51 
3 67 50 33 
3 68 69 70 
3 24 54 53 
3 69 66 52 
3 69 68 71 
3 39 60 41 
3 59 49 41 
3 59 55 49 
3 72 59 73 
3 29 61 28 
3 74 75 56 
3 76 62 61 
3 29 56 61 
3 75 77 61 
3 76 61 77 
3 74 56 46 
3 46 58 74 
3 61 56 75 
3 78 75 74 
3 79 58 80 
3 37 55 81 
3 81 36 37 
3 81 57 36 
3 82 83 84 
3 83 82 85 
3 47 86 87 
3 88 89 90 
3 76 91 92 
3 93 94 95 
3 96 85 82 
3 97 83 85 
3 85 96 98 
3 99 83 97 
3 100 101 102 
3 103 65 64 
3 64 104 103 
3 103 105 106 
3 107 106 105 
3 108 109 65 
3 108 106 96 
3 65 103 108 
3 108 103 106 
3 110 47 38 
3 110 86 47 
3 38 32 110 
3 32 109 110 
3 22 63 44 
3 22 44 12 
3 44 109 32 
3 65 109 44 
3 44 63 65 
3 53 52 66 
3 93 95 51 
3 53 51 24 
3 93 51 66 
3 55 59 72 
3 73 89 72 
3 60 73 59 
3 111 112 113 
3 58 79 74 
3 78 74 114 
3 114 74 79 
3 115 112 79 
3 112 111 114 
3 78 114 111 
3 116 117 118 
3 119 120 121 
3 122 123 120 
3 124 82 86 
3 86 110 124 
3 124 110 109 
3 96 82 124 
3 124 108 96 
3 109 108 124 
3 48 47 125 
3 47 87 125 
3 126 127 128 
3 127 126 88 
3 73 90 89 
3 90 73 129 
3 20 130 18 
3 20 30 130 
3 71 131 93 
3 132 133 94 
3 134 95 135 
3 67 51 95 
3 33 51 67 
3 87 136 125 
3 137 125 136 
3 138 99 97 
3 97 100 138 
3 83 99 139 
3 140 139 99 
3 141 142 140 
3 139 140 142 
3 85 98 97 
3 100 97 98 
3 98 96 107 
3 106 107 96 
3 107 101 98 
3 101 100 98 
3 141 143 144 
3 145 146 143 
3 42 70 52 
3 147 70 18 
3 54 43 52 
3 42 18 70 
3 54 15 43 
3 42 52 43 
3 25 19 43 
3 43 19 42 
3 147 18 130 
3 148 122 120 
3 149 150 151 
3 150 118 117 
3 123 150 149 
3 123 152 153 
3 154 149 151 
3 150 123 122 
3 155 81 55 
3 55 72 155 
3 89 88 156 
3 156 88 126 
3 157 137 158 
3 158 136 159 
3 90 129 137 
3 125 137 129 
3 60 129 73 
3 48 125 129 
3 129 60 48 
3 39 48 60 
3 26 160 30 
3 10 1 27 
3 26 0 160 
3 28 160 0 
3 121 153 161 
3 162 113 112 
3 78 111 163 
3 163 111 164 
3 113 164 111 
3 165 166 167 
3 91 165 168 
3 169 170 171 
3 92 168 172 
3 168 92 91 
3 92 173 76 
3 62 76 173 
3 172 174 92 
3 175 173 174 
3 131 176 177 
3 178 177 176 
3 179 67 134 
3 180 181 134 
3 182 183 184 
3 182 184 185 
3 186 181 180 
3 187 188 189 
3 102 190 191 
3 192 193 133 
3 194 195 133 
3 132 94 131 
3 135 94 133 
3 194 133 193 
3 133 132 192 
3 196 197 198 
3 199 200 201 
3 201 200 197 
3 193 192 198 
3 202 198 197 
3 203 204 200 
3 205 206 184 
3 193 206 194 
3 205 194 206 
3 195 194 205 
3 207 208 209 
3 210 211 207 
3 212 210 213 
3 136 214 159 
3 84 214 87 
3 118 215 116 
3 216 118 122 
3 217 218 219 
3 208 220 221 
3 222 223 219 
3 146 224 222 
3 141 144 142 
3 142 159 214 
3 159 142 144 
3 144 143 225 
3 223 222 224 
3 220 219 218 
3 223 226 217 
3 227 228 229 
3 230 228 227 
3 99 138 231 
3 189 188 231 
3 231 138 189 
3 232 100 102 
3 232 138 100 
3 189 138 232 
3 102 191 232 
3 224 233 234 
3 235 130 30 
3 236 237 235 
3 130 235 237 
3 149 152 123 
3 238 153 152 
3 161 153 238 
3 112 115 162 
3 57 80 58 
3 89 156 239 
3 239 72 89 
3 239 155 72 
3 136 158 137 
3 157 90 137 
3 157 127 88 
3 88 90 157 
3 212 158 240 
3 213 127 212 
3 207 213 210 
3 158 212 157 
3 127 157 212 
3 212 240 210 
3 159 240 158 
3 241 167 242 
3 243 244 245 
3 246 247 245 
3 248 166 165 
3 164 113 249 
3 250 175 251 
3 252 253 174 
3 174 254 175 
3 250 255 175 
3 252 174 172 
3 252 172 241 
3 172 168 241 
3 131 177 132 
3 256 132 177 
3 256 192 132 
3 257 258 259 
3 67 179 50 
3 64 50 260 
3 260 50 179 
3 260 179 181 
3 260 104 64 
3 260 181 104 
3 134 135 195 
3 133 195 135 
3 135 95 94 
3 95 134 67 
3 134 195 180 
3 179 134 181 
3 261 190 183 
3 183 182 261 
3 261 182 262 
3 263 101 107 
3 264 186 180 
3 264 205 184 
3 264 180 205 
3 195 205 180 
3 265 187 266 
3 202 204 267 
3 267 206 193 
3 193 198 267 
3 267 198 202 
3 206 185 184 
3 206 267 185 
3 185 267 204 
3 262 182 185 
3 185 204 262 
3 136 87 214 
3 84 87 86 
3 84 139 214 
3 142 214 139 
3 139 84 83 
3 86 82 84 
3 213 207 128 
3 213 128 127 
3 268 269 270 
3 270 271 272 
3 273 274 275 
3 276 275 277 
3 278 221 220 
3 220 211 219 
3 279 219 211 
3 280 218 281 
3 217 219 223 
3 279 211 210 
3 225 282 279 
3 240 225 210 
3 283 140 231 
3 99 231 140 
3 283 145 141 
3 140 283 141 
3 283 231 188 
3 189 232 284 
3 284 232 191 
3 284 187 189 
3 285 187 284 
3 224 146 233 
3 145 233 146 
3 226 223 286 
3 282 143 146 
3 188 187 265 
3 285 266 187 
3 265 287 288 
3 265 266 287 
3 52 70 69 
3 251 236 250 
3 289 290 291 
3 147 130 237 
3 237 236 290 
3 292 293 254 
3 26 30 27 
3 250 235 255 
3 173 255 62 
3 62 160 28 
3 294 230 295 
3 161 238 295 
3 296 162 115 
3 297 296 115 
3 115 80 297 
3 114 79 112 
3 79 80 115 
3 162 296 298 
3 299 239 156 
3 300 301 302 
3 155 239 303 
3 303 299 301 
3 239 299 303 
3 222 279 282 
3 282 225 143 
3 219 279 222 
3 279 210 225 
3 225 240 144 
3 159 144 240 
3 167 241 168 
3 304 305 306 
3 307 253 252 
3 247 170 308 
3 308 245 247 
3 243 245 308 
3 308 309 243 
3 308 170 310 
3 310 309 308 
3 246 245 311 
3 121 161 311 
3 311 244 121 
3 311 245 244 
3 78 163 312 
3 312 75 78 
3 312 77 75 
3 313 249 113 
3 249 314 164 
3 315 164 314 
3 235 250 236 
3 173 92 174 
3 30 255 235 
3 255 30 160 
3 173 175 255 
3 160 62 255 
3 192 316 198 
3 256 316 192 
3 196 198 316 
3 317 318 289 
3 318 317 319 
3 320 321 257 
3 322 178 323 
3 316 256 322 
3 324 325 326 
3 318 326 325 
3 327 328 329 
3 330 331 332 
3 326 318 328 
3 333 191 190 
3 190 261 333 
3 334 263 186 
3 184 183 334 
3 334 264 184 
3 186 264 334 
3 335 190 102 
3 183 190 335 
3 102 101 335 
3 101 263 335 
3 335 334 183 
3 263 334 335 
3 104 105 103 
3 105 263 107 
3 105 104 186 
3 181 186 104 
3 186 263 105 
3 336 200 199 
3 229 228 272 
3 337 270 338 
3 274 339 340 
3 277 275 341 
3 282 146 222 
3 288 287 233 
3 234 286 224 
3 286 342 226 
3 342 286 343 
3 273 344 345 
3 234 343 286 
3 342 346 347 
3 344 347 346 
3 217 281 218 
3 276 281 347 
3 348 349 350 
3 230 227 350 
3 351 352 353 
3 351 353 354 
3 288 283 188 
3 143 141 145 
3 188 265 288 
3 234 233 287 
3 288 145 283 
3 233 145 288 
3 290 355 237 
3 66 69 71 
3 325 324 355 
3 356 355 324 
3 93 66 71 
3 357 236 251 
3 251 293 357 
3 254 251 175 
3 291 357 358 
3 359 358 293 
3 290 289 355 
3 357 291 236 
3 325 355 289 
3 293 358 357 
3 253 292 254 
3 251 254 293 
3 358 317 291 
3 332 319 358 
3 292 359 293 
3 360 228 294 
3 230 294 228 
3 338 360 154 
3 360 294 152 
3 361 298 296 
3 113 162 313 
3 298 313 162 
3 313 298 362 
3 363 244 243 
3 364 296 297 
3 364 361 296 
3 365 366 367 
3 365 368 366 
3 116 366 368 
3 366 116 215 
3 369 370 128 
3 369 302 370 
3 302 299 370 
3 126 128 370 
3 299 156 370 
3 126 370 156 
3 128 209 369 
3 371 369 209 
3 209 128 207 
3 367 371 372 
3 372 209 208 
3 209 372 371 
3 155 303 373 
3 81 155 373 
3 57 81 373 
3 373 80 57 
3 297 80 374 
3 374 303 301 
3 80 373 374 
3 374 373 303 
3 375 376 166 
3 166 248 375 
3 375 315 314 
3 248 315 375 
3 377 376 378 
3 242 379 380 
3 380 306 258 
3 166 376 379 
3 166 379 167 
3 379 242 167 
3 379 376 377 
3 306 380 377 
3 377 380 379 
3 381 382 383 
3 310 170 384 
3 310 384 385 
3 384 170 169 
3 169 382 384 
3 384 382 386 
3 386 387 384 
3 246 388 247 
3 247 171 170 
3 171 247 388 
3 171 388 389 
3 171 383 169 
3 389 383 171 
3 294 295 238 
3 388 246 349 
3 349 295 230 
3 295 349 246 
3 246 311 295 
3 161 295 311 
3 390 163 315 
3 390 312 163 
3 164 315 163 
3 390 315 248 
3 362 249 313 
3 391 362 298 
3 362 309 310 
3 391 309 362 
3 177 322 256 
3 325 289 318 
3 177 178 322 
3 331 328 319 
3 326 323 178 
3 328 323 326 
3 289 291 317 
3 318 319 328 
3 305 259 258 
3 392 261 262 
3 392 333 261 
3 393 394 285 
3 202 197 200 
3 395 396 196 
3 396 397 197 
3 201 197 397 
3 323 328 327 
3 331 329 328 
3 336 199 398 
3 399 336 400 
3 202 200 204 
3 200 336 203 
3 262 204 401 
3 203 336 399 
3 402 403 404 
3 404 403 405 
3 406 407 408 
3 408 405 403 
3 338 272 360 
3 228 360 272 
3 238 152 294 
3 339 268 337 
3 337 409 339 
3 341 340 410 
3 410 411 341 
3 277 280 276 
3 281 276 280 
3 347 226 342 
3 281 217 226 
3 275 276 344 
3 273 275 344 
3 226 347 281 
3 224 286 223 
3 211 220 208 
3 365 372 221 
3 367 372 365 
3 211 208 207 
3 412 397 413 
3 389 388 348 
3 354 353 348 
3 348 388 349 
3 389 348 353 
3 230 350 349 
3 348 350 354 
3 414 350 227 
3 354 350 414 
3 147 356 70 
3 131 71 176 
3 94 93 131 
3 355 356 147 
3 176 68 324 
3 71 68 176 
3 291 290 236 
3 68 70 356 
3 147 237 355 
3 356 324 68 
3 178 324 326 
3 176 324 178 
3 121 244 119 
3 153 121 120 
3 363 119 244 
3 415 391 361 
3 298 361 391 
3 416 364 297 
3 416 374 301 
3 297 374 416 
3 216 417 215 
3 215 418 366 
3 371 367 418 
3 367 366 418 
3 208 221 372 
3 368 365 419 
3 216 215 118 
3 420 306 377 
3 421 420 378 
3 422 378 376 
3 314 387 422 
3 422 387 386 
3 386 378 422 
3 422 375 314 
3 376 375 422 
3 307 242 321 
3 254 174 253 
3 252 241 307 
3 242 307 241 
3 352 351 423 
3 423 424 352 
3 91 390 165 
3 77 91 76 
3 77 312 91 
3 167 168 165 
3 248 165 390 
3 312 390 91 
3 249 362 385 
3 385 387 314 
3 314 249 385 
3 387 385 384 
3 385 362 310 
3 329 331 425 
3 319 332 331 
3 426 332 359 
3 317 358 319 
3 359 292 320 
3 359 320 426 
3 427 428 429 
3 430 259 429 
3 266 285 394 
3 431 394 393 
3 432 433 394 
3 433 287 266 
3 234 287 343 
3 433 343 287 
3 271 270 269 
3 229 272 271 
3 434 268 435 
3 270 337 268 
3 436 269 437 
3 274 435 268 
3 438 434 435 
3 339 274 268 
3 340 275 274 
3 409 410 340 
3 266 394 433 
3 439 432 431 
3 440 343 432 
3 433 432 343 
3 345 435 273 
3 327 395 323 
3 316 322 395 
3 196 316 395 
3 197 196 396 
3 322 323 395 
3 441 395 327 
3 396 395 441 
3 413 441 442 
3 441 413 396 
3 397 396 413 
3 443 408 403 
3 398 400 336 
3 400 402 399 
3 403 402 400 
3 400 443 403 
3 401 203 399 
3 402 444 399 
3 401 392 262 
3 203 401 204 
3 444 445 392 
3 439 405 446 
3 432 439 440 
3 394 431 432 
3 405 439 404 
3 431 404 439 
3 447 448 449 
3 449 450 406 
3 449 443 447 
3 408 443 449 
3 272 338 270 
3 409 337 451 
3 340 339 409 
3 278 218 280 
3 419 452 411 
3 452 277 341 
3 278 280 452 
3 453 117 116 
3 419 278 452 
3 116 368 453 
3 221 278 419 
3 453 368 411 
3 411 410 453 
3 277 452 280 
3 220 218 278 
3 221 419 365 
3 454 455 456 
3 457 398 199 
3 458 201 397 
3 397 412 458 
3 199 201 458 
3 458 457 199 
3 459 455 460 
3 460 461 459 
3 460 462 461 
3 463 461 462 
3 459 461 464 
3 271 465 466 
3 466 229 271 
3 466 227 229 
3 466 414 227 
3 467 351 354 
3 354 414 467 
3 391 415 468 
3 468 309 391 
3 243 309 468 
3 468 363 243 
3 364 416 469 
3 470 418 471 
3 418 215 417 
3 471 417 472 
3 258 306 305 
3 306 420 304 
3 169 383 382 
3 421 378 386 
3 377 378 420 
3 386 382 421 
3 382 381 421 
3 242 380 321 
3 258 321 380 
3 258 257 321 
3 321 320 307 
3 253 320 292 
3 253 307 320 
3 424 473 474 
3 424 423 473 
3 423 475 473 
3 476 428 477 
3 332 426 330 
3 257 426 320 
3 358 359 332 
3 430 330 426 
3 430 426 259 
3 257 259 426 
3 437 450 436 
3 434 437 269 
3 271 269 436 
3 436 465 271 
3 438 435 345 
3 269 268 434 
3 345 346 446 
3 407 446 405 
3 446 440 439 
3 446 407 345 
3 438 345 407 
3 346 345 344 
3 274 273 435 
3 440 446 346 
3 347 344 276 
3 343 440 342 
3 346 342 440 
3 478 402 404 
3 393 445 478 
3 404 431 478 
3 431 393 478 
3 401 399 444 
3 402 478 444 
3 444 478 445 
3 392 401 444 
3 333 392 445 
3 333 445 479 
3 479 284 191 
3 191 333 479 
3 393 285 479 
3 284 479 285 
3 479 445 393 
3 405 408 407 
3 408 449 406 
3 437 406 450 
3 438 406 434 
3 437 434 406 
3 407 406 438 
3 452 341 411 
3 410 409 480 
3 330 425 331 
3 481 425 430 
3 459 456 455 
3 456 412 413 
3 456 459 412 
3 464 412 459 
3 398 457 482 
3 443 400 482 
3 398 482 400 
3 447 443 482 
3 483 463 484 
3 461 463 485 
3 457 458 486 
3 486 458 464 
3 412 464 458 
3 414 466 487 
3 487 467 414 
3 487 465 484 
3 487 466 465 
3 364 469 488 
3 415 361 488 
3 364 488 361 
3 301 300 416 
3 299 302 301 
3 469 416 300 
3 417 216 489 
3 153 120 123 
3 148 120 490 
3 474 427 304 
3 259 305 429 
3 476 429 428 
3 427 429 305 
3 491 381 383 
3 353 491 389 
3 491 353 352 
3 383 389 491 
3 492 421 381 
3 492 304 420 
3 420 421 492 
3 467 487 493 
3 493 487 484 
3 493 463 462 
3 484 463 493 
3 351 467 494 
3 494 423 351 
3 494 475 423 
3 467 493 494 
3 462 475 494 
3 494 493 462 
3 477 455 476 
3 473 477 428 
3 477 473 475 
3 477 460 455 
3 462 460 475 
3 477 475 460 
3 495 436 450 
3 495 483 484 
3 484 465 495 
3 465 436 495 
3 451 151 480 
3 338 451 337 
3 117 151 150 
3 152 154 360 
3 150 122 118 
3 453 480 117 
3 151 451 154 
3 152 149 154 
3 330 430 425 
3 454 425 481 
3 481 429 476 
3 430 429 481 
3 476 455 481 
3 455 454 481 
3 425 454 329 
3 454 456 442 
3 413 442 456 
3 442 441 329 
3 327 329 441 
3 442 329 454 
3 483 485 463 
3 486 464 485 
3 461 485 464 
3 490 119 496 
3 119 490 120 
3 469 300 472 
3 304 492 474 
3 305 304 427 
3 428 474 473 
3 428 427 474 
3 381 491 497 
3 497 492 381 
3 352 424 497 
3 497 491 352 
3 497 424 492 
3 474 492 424 
3 451 480 409 
3 151 117 480 
3 340 341 275 
3 338 154 451 
3 480 453 410 
3 419 411 368 
3 486 485 498 
3 447 482 498 
3 498 482 457 
3 457 486 498 
3 485 483 498 
3 448 495 450 
3 483 495 448 
3 448 498 483 
3 450 449 448 
3 447 498 448 
3 468 415 363 
3 363 496 119 
3 496 363 415 
3 488 496 415 
3 499 488 469 
3 469 472 499 
3 499 496 488 
3 490 496 499 
3 122 148 216 
3 472 489 499 
3 489 472 417 
3 148 490 489 
3 148 489 216 
3 490 499 489 
3 470 471 302 
3 300 302 471 
3 472 300 471 
3 371 418 470 
3 470 302 369 
3 369 371 470 
3 417 471 418 
3 14 4 16 
3 7 17 3 
3 4 3 17 
3 17 7 6 
3 17 6 9 
3 1 9 6 
